35 27 26 91 47 88 36 29 94 35 20 79 30 99 97 15 15 47 68 74 80 88 3 79 7 2 83 15 60 30 88 0 37 52 43 8 3 33 49 70 74 62 5 94 75 2 88 74 61 73 5 11 11 83 15 88 59 98 31 95 1 35 88 63 21 62 31 87 17 64 95 24 45 10 84 68 66 16 30 40 52 53 33 4 0 46 84 45 60 2 54 45 99 86 92 56 97 28 55 2 
57 92 9 35 85 29 26 6 59 8 14 99 79 49 49 68 74 14 33 31 16 17 62 28 6 84 29 32 2 3 79 49 12 22 68 86 60 27 86 43 95 75 10 26 46 70 53 28 30 40 98 74 58 60 95 35 46 60 78 25 39 53 5 19 42 8 88 94 42 4 17 11 34 36 49 12 5 72 28 3 3 98 14 79 97 55 79 100 23 13 52 60 22 80 72 35 45 50 85 56 
46 7 1 48 81 13 39 63 12 1 87 37 97 90 58 80 22 30 36 4 78 69 58 86 44 32 96 96 86 93 35 95 49 32 65 49 45 21 71 26 22 68 100 19 50 75 52 57 41 34 79 14 52 6 36 32 15 53 67 24 67 66 83 24 31 8 73 80 80 34 81 71 41 0 60 100 60 49 86 3 93 92 87 28 93 47 64 23 91 28 76 65 47 22 1 98 16 26 34 39 
2 92 56 74 30 46 10 39 16 11 65 15 32 45 69 71 2 68 68 17 86 51 25 44 92 71 3 88 79 53 86 54 57 18 48 6 89 28 75 50 78 39 7 4 75 0 78 70 21 69 53 86 3 4 90 8 8 48 81 53 5 19 67 54 80 95 72 65 41 34 78 66 40 82 91 83 69 54 48 100 16 21 72 46 66 50 58 16 12 15 29 39 75 43 83 82 66 83 64 80 
47 25 12 14 11 57 73 21 67 92 16 2 77 11 58 58 27 66 32 73 31 3 80 77 67 80 58 71 45 0 8 76 68 26 34 35 94 51 47 51 34 6 91 28 61 16 36 99 59 20 71 55 58 11 44 17 24 0 39 37 73 50 83 45 71 8 20 27 89 79 10 14 29 22 79 35 78 3 35 30 76 18 4 84 83 98 81 7 77 42 63 74 87 45 32 74 80 64 52 49 
2 7 84 48 70 70 27 89 80 78 95 5 43 24 32 97 64 11 86 72 58 70 50 14 33 82 72 26 53 61 79 59 57 46 25 67 4 70 29 9 23 70 16 1 38 37 100 87 82 5 46 16 17 74 34 26 56 56 32 93 21 42 65 88 95 15 6 67 14 47 90 21 36 67 81 33 32 47 34 97 1 57 84 84 38 88 5 2 9 59 88 10 49 57 91 100 87 49 58 95 
11 47 86 20 58 81 59 93 39 60 20 51 9 25 13 98 64 52 13 70 87 81 63 86 17 45 46 98 95 6 9 49 54 92 7 46 19 52 16 70 93 50 1 49 64 25 87 16 95 97 89 40 2 96 63 17 51 37 81 18 83 15 45 80 76 77 14 54 22 74 96 16 70 61 2 21 14 100 46 24 23 1 8 12 0 90 71 86 24 67 28 14 19 88 67 73 41 5 11 2 
50 36 46 82 96 17 82 54 80 59 12 39 90 78 31 58 89 18 87 5 14 18 9 51 73 34 27 39 75 71 45 19 52 18 38 93 98 90 48 37 90 27 70 76 2 100 62 95 73 75 22 60 55 50 84 40 62 48 16 24 48 12 45 22 59 48 93 58 6 55 0 4 27 67 68 14 7 75 31 53 11 42 93 83 30 84 100 65 4 47 55 12 92 64 30 1 42 53 65 78 
12 21 6 75 85 39 59 83 53 15 83 80 13 51 50 86 23 30 47 55 25 8 74 53 26 2 14 91 25 89 1 20 39 4 93 56 36 91 23 23 1 68 18 11 46 92 81 5 11 51 56 9 4 31 11 2 89 100 0 96 27 79 87 47 83 51 68 72 82 90 85 83 93 82 55 54 11 79 21 16 85 95 32 18 60 87 81 85 5 86 75 82 35 29 38 44 73 13 41 46 
100 7 18 73 54 0 35 73 37 84 30 40 36 16 3 41 78 27 2 4 64 25 65 0 17 1 81 1 56 94 37 19 39 53 20 46 75 68 2 35 76 15 70 98 52 49 88 97 69 62 51 58 95 20 45 36 54 86 3 8 66 81 36 88 30 3 37 32 30 7 12 68 61 41 39 29 75 86 43 5 39 68 44 22 78 86 55 12 76 81 2 74 42 2 3 97 85 96 93 12 
16 5 96 10 38 9 18 84 95 67 72 4 47 6 38 56 9 17 9 73 25 14 64 2 84 100 3 61 36 44 17 20 58 80 92 50 3 25 31 51 4 67 58 74 93 96 10 52 16 14 22 16 70 96 100 6 90 49 16 96 34 36 19 53 57 8 57 42 66 32 43 8 57 54 32 9 53 89 45 28 1 67 91 89 14 89 65 35 97 21 92 78 18 71 44 62 44 50 60 93 
56 74 63 49 95 9 50 80 21 41 60 97 55 68 55 64 77 74 12 91 67 31 79 41 57 85 28 62 27 66 27 16 32 31 24 25 19 39 26 27 24 93 23 47 57 48 84 60 9 66 28 95 84 98 11 19 39 61 56 64 30 8 58 92 47 44 54 45 81 7 44 93 17 48 68 51 19 82 3 98 37 96 33 24 5 19 69 78 70 17 36 99 68 33 61 52 62 77 83 23 
85 73 46 36 21 28 33 61 28 50 54 70 75 62 42 48 91 11 12 55 58 44 81 8 11 90 61 34 10 63 63 84 74 81 44 3 8 35 50 20 30 10 44 70 97 33 17 28 89 10 60 76 56 100 26 71 95 14 98 34 74 4 98 57 63 84 63 85 94 84 71 98 31 40 99 94 54 46 87 38 8 69 76 65 67 99 12 45 85 38 22 60 89 89 67 42 10 68 29 83 
42 58 10 98 27 34 98 9 97 65 40 58 5 76 19 94 62 50 60 81 63 7 46 26 89 55 45 16 69 80 11 50 44 67 52 50 74 8 37 73 70 23 4 33 82 11 94 62 37 9 81 11 57 33 62 0 60 59 9 51 47 88 4 64 1 91 35 32 29 9 82 24 71 65 72 48 11 13 73 100 26 23 78 35 44 2 6 13 40 50 49 55 13 32 5 92 10 21 72 47 
42 33 55 38 8 17 7 65 3 100 34 24 18 98 78 1 1 77 32 7 66 34 70 2 73 78 95 73 35 77 74 75 65 69 6 0 73 67 89 40 67 94 90 41 53 5 27 95 22 11 73 16 81 29 43 5 100 48 37 91 65 0 91 36 19 50 29 17 79 34 53 54 16 63 44 69 26 49 34 10 36 34 8 100 84 37 2 26 2 1 0 45 14 92 8 87 64 14 1 91 
79 87 2 68 26 70 84 86 25 96 4 52 73 82 45 19 55 28 94 35 6 0 78 48 33 91 4 47 47 80 0 42 37 42 49 34 58 64 52 28 8 42 88 87 35 63 45 40 100 86 75 0 70 54 5 48 42 34 47 92 100 80 76 36 43 62 35 30 36 58 49 36 2 82 71 80 3 67 29 86 16 18 90 21 23 51 5 89 87 57 29 73 77 70 32 53 36 2 99 27 
28 85 46 18 26 4 21 14 17 86 3 93 48 61 100 69 88 97 55 31 92 80 60 65 47 21 60 32 100 63 54 62 65 53 29 17 10 15 54 15 20 2 70 0 98 3 86 17 87 74 47 69 63 30 60 39 25 42 79 70 20 84 67 65 64 90 54 61 26 16 75 41 56 4 50 65 27 64 97 9 91 26 87 95 21 25 9 89 45 75 6 65 45 71 36 3 3 28 19 76 
10 17 70 31 74 57 74 85 20 85 85 69 30 75 38 71 22 77 57 98 58 32 48 89 10 45 99 70 64 5 66 83 81 17 76 6 70 41 91 31 45 34 24 10 93 3 92 97 47 94 68 21 1 95 47 100 12 55 94 92 75 36 77 24 83 53 4 22 84 18 72 22 3 80 40 74 46 27 94 96 0 25 73 18 91 4 94 28 38 59 73 31 66 95 7 6 84 73 75 59 
31 53 92 89 13 74 47 93 71 68 5 39 15 36 97 3 12 4 90 8 100 98 4 79 14 93 25 78 33 98 73 47 1 44 39 77 71 91 98 22 67 37 4 68 15 100 10 51 31 18 22 30 36 26 79 14 13 42 70 47 5 70 88 39 3 7 73 23 54 77 21 56 51 94 33 25 69 75 67 51 40 74 66 100 97 69 80 87 47 49 37 49 100 4 47 12 89 23 7 34 
52 78 11 68 73 33 41 57 48 74 21 24 9 29 33 68 24 75 82 51 100 9 36 96 84 85 66 38 72 3 30 75 51 34 83 23 12 65 43 68 97 50 98 90 26 22 83 2 44 62 97 72 61 22 92 83 74 63 100 22 55 24 84 12 59 55 85 56 67 66 83 76 25 68 66 87 21 95 44 84 36 64 83 65 68 81 97 53 0 4 37 96 44 22 39 74 40 95 16 37 
67 42 49 1 71 51 47 93 31 8 16 39 75 80 67 67 70 65 3 5 5 12 15 82 4 82 11 99 67 14 14 29 15 20 0 82 17 58 97 9 96 70 55 53 59 6 48 42 9 62 20 55 82 48 96 16 48 64 54 74 20 63 59 19 49 78 21 53 51 63 92 87 98 66 75 25 100 71 82 59 76 93 40 19 88 98 100 96 46 50 53 55 97 27 2 31 20 92 42 11 
52 65 16 42 84 55 72 58 2 6 23 51 72 37 56 16 67 60 14 85 3 52 92 47 98 64 54 70 72 77 62 12 9 19 45 44 88 7 45 25 39 50 82 93 91 13 30 93 15 60 90 71 41 76 97 24 82 41 60 18 5 7 8 11 10 63 77 13 59 63 50 32 8 3 30 79 88 26 27 72 80 3 43 48 83 30 7 48 86 11 91 54 70 93 8 36 95 61 71 91 
97 55 24 69 47 98 59 56 62 88 97 73 34 43 93 21 43 71 93 11 75 83 20 22 74 31 48 61 53 75 96 71 87 95 51 15 0 31 13 93 60 100 27 35 5 22 53 90 94 33 77 95 48 89 58 16 13 28 52 29 88 64 38 43 32 66 42 65 100 86 69 38 0 68 98 26 28 44 3 87 69 70 98 60 20 88 50 55 47 80 32 18 72 87 9 88 83 75 18 70 
9 85 97 80 23 76 82 29 36 79 41 14 33 8 51 50 85 98 90 91 80 82 73 46 26 26 11 98 34 74 64 42 64 93 43 82 97 70 70 14 0 38 85 82 14 83 4 33 72 27 95 3 17 14 39 64 85 51 37 57 99 78 28 50 11 100 22 6 79 84 80 25 30 74 33 63 39 76 95 78 71 32 29 7 25 14 30 36 49 25 17 0 21 35 64 65 4 49 39 21 
31 1 29 5 46 35 4 57 98 58 14 14 62 49 8 68 18 9 39 44 73 55 73 17 64 42 64 73 96 12 2 4 62 41 49 58 94 27 82 26 67 95 16 86 51 40 12 2 55 20 49 69 5 58 62 91 35 86 52 63 31 32 46 55 38 23 98 44 56 68 39 28 72 51 34 82 56 80 82 36 98 14 24 95 94 64 78 51 88 100 47 81 26 73 94 53 75 19 36 85 
41 69 1 88 8 30 92 48 45 57 81 62 10 63 32 20 64 44 17 41 36 24 57 89 20 58 63 16 30 44 48 57 26 89 71 91 53 94 50 6 42 55 81 64 20 72 9 61 100 66 1 98 86 75 75 49 91 5 6 41 39 94 67 41 67 20 43 65 51 40 18 18 52 0 71 7 41 37 5 75 75 82 44 35 10 29 33 27 27 20 24 48 66 23 48 33 47 73 5 59 
39 12 27 8 18 46 95 38 91 18 29 36 93 12 50 50 66 11 10 60 11 59 98 21 25 35 76 86 41 80 80 73 58 47 13 13 50 39 26 39 3 5 71 66 20 48 16 76 77 70 68 87 83 77 41 41 45 69 23 54 70 88 81 27 48 27 95 29 27 57 34 72 89 39 10 10 67 48 30 81 58 22 96 47 75 71 77 38 100 7 90 53 1 11 60 28 56 97 89 99 
81 87 80 80 30 5 9 63 50 97 50 58 30 68 55 97 87 78 47 81 25 41 43 10 86 94 60 12 74 19 29 77 81 1 46 40 58 85 32 19 83 36 47 38 58 8 7 94 46 75 89 14 33 50 11 13 30 1 58 58 54 67 62 35 65 26 20 71 93 57 69 0 32 91 61 43 22 81 40 66 14 23 41 57 7 49 78 39 34 15 25 7 93 67 4 92 10 28 84 11 
68 40 66 65 19 53 94 6 95 82 87 31 69 69 12 83 92 70 54 33 9 28 23 10 93 15 88 33 1 60 38 36 68 55 86 49 30 86 12 11 5 42 18 23 78 8 14 69 50 8 8 17 62 71 95 85 100 81 42 94 24 52 93 3 76 57 2 27 7 63 89 22 19 42 53 45 65 41 37 8 32 93 66 97 66 77 29 26 22 8 84 66 12 82 77 19 25 4 6 55 
0 100 31 82 29 8 77 33 51 47 65 95 65 71 35 83 64 14 96 82 12 95 27 11 12 20 84 42 50 6 56 66 28 9 26 14 62 59 92 52 66 19 28 80 91 39 27 69 93 11 69 8 28 92 3 86 52 96 15 40 43 2 12 75 62 32 67 35 4 59 12 25 34 32 39 88 100 53 9 82 45 33 45 71 28 33 68 9 84 60 91 2 91 96 62 46 83 90 24 87 
75 20 23 7 93 63 43 20 25 93 18 20 5 88 14 43 18 56 22 67 85 81 8 0 35 66 50 57 83 15 61 90 23 4 68 52 15 23 80 71 8 51 76 84 29 24 70 91 20 31 50 85 13 6 93 97 23 53 92 85 80 2 20 12 87 51 1 30 89 41 35 60 1 59 77 31 53 58 73 19 33 90 37 5 9 99 23 21 92 34 58 69 13 35 5 82 96 69 96 99 
37 12 77 100 95 37 71 34 79 19 88 12 28 42 96 88 24 88 9 99 93 30 80 5 65 57 30 85 36 95 33 2 64 1 63 23 90 67 95 13 50 20 60 34 23 16 81 90 48 30 16 90 25 69 25 3 23 79 85 17 14 65 70 16 87 58 43 5 26 63 10 59 75 28 83 30 83 15 77 17 49 95 21 34 80 11 53 65 32 84 8 29 66 64 16 58 61 84 48 42 
13 90 40 4 90 96 27 81 75 48 93 58 54 33 64 41 15 67 91 17 75 33 48 91 90 69 57 48 64 53 99 77 94 1 17 2 22 27 15 61 68 3 71 35 40 54 5 22 28 47 91 89 41 92 100 54 28 3 72 36 1 78 22 37 28 0 4 61 0 70 46 54 93 97 48 42 95 91 68 61 30 45 55 12 36 74 37 6 72 39 29 46 0 70 12 59 9 93 63 48 
1 69 69 40 13 54 64 28 86 1 85 75 64 10 7 78 43 82 13 73 83 38 40 100 16 66 66 42 59 18 70 76 17 65 67 47 7 18 58 93 9 61 49 73 48 87 89 47 14 100 43 2 13 9 98 96 96 88 60 96 76 65 27 28 75 41 61 99 59 67 52 59 97 65 92 35 88 7 51 70 84 49 66 92 50 11 41 2 85 53 21 22 75 69 84 48 13 22 63 41 
38 37 84 86 33 82 20 77 38 9 6 68 22 41 8 95 64 36 93 48 80 65 55 62 5 57 13 81 68 86 19 74 79 44 90 13 59 92 37 47 67 66 35 65 13 81 39 26 4 36 17 62 35 6 57 79 43 16 60 72 82 6 26 100 14 52 34 73 66 0 48 36 35 10 77 44 22 42 26 24 21 99 65 33 53 7 17 15 43 100 13 40 39 45 61 36 70 86 85 10 
28 96 68 55 4 96 97 89 36 100 6 38 83 57 87 20 92 32 73 8 19 88 45 3 92 60 88 48 41 44 31 28 14 9 30 53 97 93 60 10 83 21 79 36 3 51 3 73 3 17 72 32 2 86 29 86 73 18 69 25 4 36 67 35 49 69 94 14 23 66 3 55 1 35 7 99 29 54 93 97 98 11 80 70 98 58 65 80 38 4 41 93 49 58 69 49 35 13 3 48 
12 11 22 37 10 34 17 84 38 30 60 83 74 89 40 11 29 91 54 66 28 81 48 56 68 9 58 51 16 96 3 56 25 86 94 32 12 40 14 0 95 4 54 42 60 93 34 15 65 43 68 56 92 81 13 58 58 71 81 21 3 94 68 21 96 25 82 14 75 100 82 70 0 36 65 27 52 79 77 31 35 8 91 5 31 97 96 79 47 82 43 100 33 10 65 49 34 83 80 77 
6 14 9 16 97 88 70 21 24 44 45 90 14 17 21 26 45 100 44 64 38 29 63 85 64 7 43 83 25 75 6 55 82 71 21 90 31 58 72 36 35 38 28 2 24 57 17 93 86 87 58 10 23 34 30 89 39 84 11 12 97 51 11 14 100 11 22 6 85 93 46 30 11 83 16 60 46 8 18 91 71 13 17 80 55 11 91 70 36 95 88 87 69 79 98 64 100 14 8 91 
37 41 67 18 2 23 37 90 6 42 7 10 31 16 33 87 73 89 5 59 35 64 53 14 35 32 0 59 30 16 80 88 3 43 36 31 52 78 11 56 38 79 40 42 4 88 27 68 36 18 62 30 20 0 22 57 63 76 38 40 35 38 61 25 58 76 59 59 62 73 95 4 75 26 85 48 27 4 83 82 47 12 91 74 75 22 92 86 52 21 85 34 13 97 10 66 91 29 6 79 
25 77 77 2 51 56 79 94 17 53 90 97 1 73 50 38 35 19 47 37 20 85 30 87 58 7 94 97 69 18 66 9 92 57 98 69 51 16 62 87 43 61 31 45 8 96 14 75 47 6 25 83 14 2 77 100 87 83 53 54 77 74 96 90 61 63 34 87 61 60 2 67 15 42 12 86 23 77 10 49 82 11 98 91 74 87 99 19 30 76 25 43 99 48 10 100 88 12 96 37 
70 30 21 74 39 62 42 81 51 50 41 26 4 30 57 94 82 26 26 21 10 38 24 60 11 9 82 63 24 83 85 76 71 17 58 35 58 42 67 61 9 52 62 34 36 43 59 19 38 58 3 26 64 63 71 82 65 19 8 51 86 99 85 43 57 61 20 20 55 73 10 95 7 9 57 56 35 42 40 30 77 66 89 14 21 96 64 10 83 73 49 4 72 18 38 57 15 91 74 31 
37 15 47 28 0 100 56 91 85 89 24 0 91 81 11 22 66 67 94 39 8 12 71 80 94 7 100 29 1 84 53 86 94 56 86 90 16 43 27 40 50 13 20 67 89 26 58 2 35 19 44 42 28 41 17 22 100 17 40 97 52 8 95 14 24 6 83 12 3 99 26 6 62 73 37 21 57 30 84 54 62 65 20 31 92 39 85 50 77 54 53 29 72 93 63 38 37 35 62 29 
96 84 37 8 79 92 8 16 98 95 3 89 90 97 47 97 35 94 41 81 65 63 69 83 60 45 35 63 69 35 9 20 48 51 56 77 53 9 74 61 59 88 45 34 58 10 13 97 99 79 0 48 45 75 65 43 59 18 45 81 34 28 46 60 42 44 95 79 46 91 95 10 50 65 62 8 44 81 46 9 97 19 72 76 76 45 12 82 85 15 99 47 86 45 14 91 96 22 33 20 
92 25 36 61 23 73 53 55 66 67 89 53 62 87 51 70 31 42 4 47 87 98 57 26 78 89 20 90 29 12 99 38 71 59 45 17 25 64 45 7 94 71 37 8 44 42 63 26 76 46 95 26 17 95 54 46 69 99 92 72 77 13 99 44 20 79 1 89 71 81 78 84 93 32 7 24 52 98 44 57 90 35 3 98 89 5 35 33 74 4 3 33 9 2 1 49 17 24 36 11 
69 57 47 79 97 63 36 43 85 52 34 29 31 71 1 95 59 10 49 75 89 40 11 4 98 61 28 24 61 7 70 44 27 73 78 57 64 40 98 29 44 55 54 17 41 69 63 13 90 93 26 14 91 29 20 85 88 3 88 54 76 21 48 49 4 59 37 56 91 57 25 42 93 15 27 48 28 43 71 18 45 26 54 11 39 33 26 80 0 7 31 12 11 15 64 3 15 90 78 56 
85 31 65 5 80 6 91 24 39 93 15 8 81 77 79 27 2 83 47 4 74 27 81 58 99 20 58 18 79 77 52 87 93 6 79 97 61 78 6 35 89 69 77 20 21 69 15 26 90 78 51 81 35 21 70 83 93 38 95 56 60 92 82 3 26 82 95 14 64 53 84 87 73 8 73 59 28 7 95 86 78 30 53 99 27 52 7 4 74 26 89 31 71 96 3 63 38 97 33 93 
78 63 69 53 56 16 56 77 22 58 59 42 35 36 93 25 86 15 55 89 3 81 29 22 39 31 70 81 36 90 78 93 37 72 42 46 84 10 70 7 24 60 10 92 32 3 56 69 3 58 90 13 11 54 16 19 26 10 86 18 32 38 20 23 94 61 78 100 39 91 96 66 5 19 77 30 90 53 67 28 18 57 4 3 66 24 24 2 9 70 89 66 98 32 0 2 75 76 97 54 
62 69 61 89 37 72 86 70 95 44 40 25 74 66 58 11 0 51 65 93 69 49 11 56 82 75 65 58 83 38 89 93 26 73 17 19 94 61 36 69 2 92 82 6 59 1 15 80 77 83 100 19 18 92 19 41 2 50 25 25 4 88 0 84 48 65 23 57 55 74 100 11 66 95 22 68 22 44 76 64 94 31 24 74 1 75 30 13 31 57 41 48 51 40 6 86 51 10 69 4 
1 79 43 28 46 51 96 87 16 17 19 35 16 39 13 15 80 70 21 85 35 19 65 79 46 76 83 57 31 11 25 33 61 3 67 96 87 54 29 5 81 40 30 68 79 43 3 40 90 4 41 79 77 30 86 20 17 34 31 85 89 29 13 7 7 22 67 31 12 97 72 74 75 62 13 36 68 96 43 12 14 44 64 67 87 96 84 0 39 62 54 2 66 3 89 73 31 46 68 71 
60 98 79 53 44 51 27 30 67 14 38 57 38 100 51 90 33 2 74 81 89 23 82 43 2 33 54 53 12 33 53 93 16 13 27 52 41 56 74 42 9 90 32 10 48 76 49 34 40 97 65 50 46 2 1 15 73 55 80 54 34 87 18 5 68 90 99 48 75 69 68 36 44 80 49 46 24 34 60 2 82 4 100 89 96 17 0 81 51 49 100 73 97 15 73 47 51 22 11 69 
0 46 97 20 41 25 60 75 60 62 58 43 44 66 58 12 8 32 63 95 5 46 78 31 74 52 40 0 71 7 62 64 80 62 59 6 66 66 71 87 38 59 74 87 39 2 68 5 31 62 62 37 86 80 7 88 15 99 16 8 45 22 39 64 61 10 57 32 39 38 81 50 61 62 51 99 70 35 92 1 44 8 84 36 53 5 38 25 61 39 50 26 39 3 39 36 22 18 31 25 
20 21 69 30 61 57 48 56 98 83 28 2 84 24 97 31 50 51 44 31 6 58 66 12 33 22 20 86 6 6 9 85 91 33 18 13 44 74 39 55 21 3 14 1 37 8 15 24 57 12 93 48 42 19 85 28 89 9 48 39 98 96 3 12 15 61 35 24 94 81 20 92 62 54 43 29 47 51 80 17 67 10 99 69 13 63 12 61 89 20 24 18 0 44 71 10 27 48 73 65 
66 2 95 62 25 89 23 28 50 89 89 70 51 82 55 65 73 47 0 88 1 79 29 67 80 26 7 97 85 76 78 21 48 58 17 37 83 3 6 58 52 8 10 57 21 85 49 45 73 78 26 1 61 81 47 66 16 38 53 48 37 40 77 14 59 99 29 31 30 91 55 20 80 85 13 56 45 6 1 42 13 80 80 96 82 88 87 33 66 35 63 42 94 49 88 0 37 39 16 75 
4 40 93 36 48 99 95 47 81 33 84 26 40 42 10 79 63 90 60 11 59 10 18 28 97 36 19 17 38 25 46 55 64 85 94 82 90 51 63 80 2 46 45 47 17 71 80 76 12 45 60 34 73 0 0 46 74 60 30 26 74 53 46 62 80 52 83 37 10 76 86 6 32 25 26 45 97 62 78 41 33 82 13 60 28 5 18 4 62 51 91 39 50 21 40 1 74 70 46 8 
63 24 2 82 47 93 61 32 90 49 95 75 97 83 54 85 53 46 83 15 35 93 41 33 15 7 84 79 67 3 93 23 46 100 50 76 52 66 19 23 42 66 33 47 55 29 37 39 74 46 30 50 39 66 34 23 38 49 44 62 30 20 96 3 18 48 50 16 87 61 63 32 86 53 24 17 73 55 9 35 68 93 54 36 10 38 85 17 30 30 2 72 3 25 77 51 86 23 83 88 
73 35 88 93 13 71 44 31 8 66 67 9 25 47 6 61 86 85 28 48 50 59 96 49 51 80 93 5 98 11 28 23 88 88 84 47 50 56 51 50 90 35 86 45 71 65 21 26 8 67 52 84 18 15 92 77 6 27 93 85 22 5 49 69 59 26 75 77 10 64 3 95 22 21 90 98 45 17 22 24 78 43 17 14 100 58 55 10 95 24 63 31 62 73 53 43 26 88 22 97 
9 54 89 99 40 35 25 9 79 98 72 73 17 28 52 71 5 5 67 96 55 52 81 38 88 57 90 7 10 20 92 62 68 92 93 87 89 74 86 8 62 14 76 37 1 2 92 30 64 98 33 3 65 6 14 64 52 66 92 73 58 99 26 94 53 76 74 8 17 87 74 100 88 57 11 38 4 78 77 26 36 36 18 8 23 8 13 17 32 68 24 32 37 66 50 60 90 52 3 6 
79 51 98 26 96 62 84 73 35 88 95 96 56 26 46 31 45 92 74 19 30 34 18 67 57 91 37 13 93 60 9 48 59 85 28 9 72 22 41 65 87 79 47 3 92 51 6 18 36 27 29 38 30 16 7 17 38 0 5 71 96 96 48 48 29 90 62 54 62 15 1 27 77 69 49 90 68 54 62 6 27 89 3 80 94 70 40 52 80 45 45 0 76 36 88 21 26 63 95 100 
72 62 11 15 45 44 41 35 15 0 77 48 20 75 1 62 88 95 91 16 66 59 59 49 58 62 87 11 69 16 51 21 38 43 61 88 47 16 10 55 11 28 41 65 96 7 76 6 93 27 90 38 1 88 62 88 70 44 54 52 0 30 11 19 60 64 66 18 42 67 24 32 33 11 45 12 59 36 13 3 36 10 27 35 20 36 75 38 99 57 89 90 89 54 72 87 96 45 0 94 
45 45 0 0 65 1 6 30 41 12 95 36 80 87 18 53 78 44 9 30 65 12 58 87 28 62 85 41 34 86 67 50 55 72 89 28 46 80 2 92 10 22 37 69 70 24 37 84 67 67 12 4 18 66 45 95 50 43 40 78 41 45 54 33 93 36 76 39 98 92 63 39 91 12 90 88 17 4 70 64 39 85 54 6 86 80 46 94 51 12 8 46 69 73 46 96 61 97 99 77 
21 90 6 76 12 64 55 74 19 45 62 69 94 91 24 80 53 6 26 7 56 6 51 0 16 55 17 45 88 94 14 36 44 83 92 60 5 17 23 42 91 57 85 98 86 46 31 58 66 76 10 20 26 68 33 6 1 81 67 63 25 23 89 67 62 48 5 0 37 37 53 79 78 65 66 87 21 98 68 43 61 50 35 85 79 30 89 94 29 87 9 17 51 9 61 36 62 35 94 85 
44 47 8 61 17 15 49 64 5 0 84 75 75 97 9 46 25 27 54 74 8 0 72 93 23 89 24 9 47 27 14 24 10 62 1 44 90 4 46 12 37 26 9 27 64 59 98 19 100 33 91 50 51 97 40 88 82 32 49 16 98 1 39 25 23 43 66 81 38 44 72 34 85 27 56 100 58 14 23 63 64 21 77 6 28 43 70 48 78 17 98 82 66 35 68 27 3 2 86 32 
93 67 66 88 7 68 38 41 19 74 93 67 1 3 43 51 1 8 29 89 1 100 22 8 95 43 43 29 57 96 22 64 59 12 84 31 67 98 5 23 41 68 68 52 24 61 83 99 92 99 2 71 8 3 73 94 42 100 36 56 54 2 88 12 74 7 81 30 75 62 89 86 63 58 57 65 22 74 25 16 67 22 29 72 51 69 16 1 58 0 74 66 50 32 71 48 34 42 82 72 
52 92 8 31 100 43 65 1 10 64 92 23 39 79 21 25 37 16 28 34 35 14 11 89 79 15 24 36 26 27 96 94 4 42 36 71 97 82 84 70 75 18 24 59 39 60 59 68 67 80 74 28 86 90 92 13 30 42 53 51 11 91 64 75 15 82 77 13 60 23 31 38 49 40 29 16 44 18 25 96 96 5 42 58 68 22 52 87 1 27 35 17 82 95 10 84 40 3 16 86 
99 64 41 18 67 12 91 98 18 82 73 17 32 78 73 66 27 53 19 55 45 67 74 97 46 48 72 72 12 60 45 12 68 37 60 7 56 78 70 52 46 84 67 45 95 83 94 99 29 15 49 27 51 60 49 18 91 53 44 54 48 82 18 96 26 33 34 79 12 0 82 57 55 51 45 50 25 0 13 58 83 49 62 68 21 84 48 60 88 58 93 57 74 28 11 63 35 80 95 34 
57 17 85 24 76 11 88 60 64 55 47 9 100 24 29 57 52 31 92 11 84 72 39 24 13 70 64 89 59 7 75 76 48 46 63 44 32 71 73 18 46 8 74 84 41 75 44 78 7 33 95 67 88 69 77 30 100 36 66 18 9 81 74 66 13 4 47 47 17 10 52 14 15 79 94 36 25 11 15 13 77 20 93 89 10 39 13 34 60 4 98 89 55 14 9 23 2 93 49 41 
15 76 31 97 14 81 11 28 17 93 67 20 31 48 86 32 10 67 13 85 21 99 20 1 58 23 11 26 49 79 27 16 0 72 46 83 37 16 42 33 29 37 35 98 64 100 92 78 46 80 10 59 18 67 87 69 36 16 67 55 68 2 34 98 76 54 17 38 30 79 91 15 89 98 70 19 40 26 82 97 39 100 54 65 95 97 97 68 14 36 89 62 83 28 100 47 21 8 79 40 
37 23 98 78 70 20 80 91 15 93 4 85 41 37 50 40 65 18 30 10 16 42 92 87 59 77 3 51 77 85 20 15 12 84 24 1 81 8 42 55 17 89 56 19 36 67 29 65 94 44 62 93 60 71 62 98 83 7 48 33 98 9 92 16 49 50 55 36 58 90 6 93 82 74 70 24 83 81 72 95 89 71 97 1 19 65 55 96 25 79 39 52 60 13 23 83 62 53 79 94 
72 50 21 53 99 32 14 39 100 47 93 28 18 92 37 33 28 44 70 23 67 90 77 47 70 31 93 29 38 22 5 41 53 83 64 86 23 6 5 47 7 55 54 21 54 85 30 94 57 1 47 55 83 51 82 83 20 75 58 14 42 70 66 94 76 55 55 2 24 33 39 16 90 98 30 48 58 39 91 9 89 8 70 21 15 43 25 27 67 18 24 66 80 77 27 47 21 41 10 27 
20 36 4 36 60 72 81 39 4 86 96 90 54 27 50 85 79 59 69 5 55 13 22 61 9 93 51 22 70 5 22 75 42 34 82 34 93 8 51 25 8 38 0 78 87 23 99 37 78 87 55 89 30 28 96 90 40 38 43 88 65 16 37 86 45 14 86 29 78 31 15 43 50 21 52 55 23 68 99 0 30 0 74 89 58 8 90 99 39 59 91 80 80 20 29 3 22 66 69 65 
84 23 73 54 48 46 77 70 92 53 59 39 35 72 50 82 34 50 92 40 52 57 74 29 7 80 58 74 79 72 87 8 92 2 69 54 89 75 8 21 32 31 76 37 30 84 45 39 72 5 15 79 63 16 63 89 85 94 98 1 13 28 63 78 89 34 62 65 29 56 99 30 35 1 87 31 5 89 71 23 73 52 77 83 81 46 10 48 52 95 21 61 37 88 25 69 7 30 93 11 
32 93 9 55 93 57 28 65 48 7 13 52 1 26 75 76 70 57 12 34 97 32 31 73 100 40 36 2 85 40 47 20 44 27 78 35 0 78 97 81 13 90 0 50 66 12 37 1 1 99 5 99 64 34 42 17 59 35 51 37 0 26 40 91 21 0 78 1 42 51 12 50 35 94 16 63 34 28 6 43 2 86 73 40 49 31 12 31 72 44 50 66 55 76 40 8 31 52 90 97 
64 54 12 91 19 50 57 34 8 99 38 3 82 96 64 27 48 47 99 10 59 23 70 63 78 91 75 33 22 2 15 70 24 55 46 20 49 71 81 69 19 35 44 54 26 84 88 63 58 8 43 10 13 27 76 84 62 98 56 23 25 45 48 36 6 69 6 29 49 23 24 70 76 0 65 43 7 75 37 88 82 20 17 43 18 96 32 18 0 36 95 56 80 82 31 4 76 16 84 54 
96 16 59 17 100 46 84 61 52 8 93 66 11 48 48 80 73 33 76 95 47 40 17 8 23 43 86 8 19 53 1 44 63 99 5 29 62 74 25 72 78 5 73 12 56 3 34 51 10 61 100 8 88 20 20 58 58 28 26 16 97 78 75 8 34 16 66 92 81 29 57 82 88 43 87 51 11 23 31 88 78 24 21 2 27 48 100 57 14 62 58 91 12 100 12 14 88 28 43 95 
87 8 18 87 37 37 80 56 93 70 64 80 59 51 8 48 58 99 80 58 0 24 67 4 21 1 1 76 70 49 8 97 47 98 5 83 89 2 92 83 4 74 73 89 18 69 19 3 89 68 54 70 97 37 43 82 79 27 76 76 39 31 96 37 89 74 40 95 50 38 93 8 52 82 54 66 92 30 91 43 18 14 62 51 17 75 55 24 54 13 97 58 61 43 2 60 52 18 59 81 
20 11 7 4 47 61 19 32 37 72 53 0 50 43 68 41 3 40 8 60 97 87 95 66 43 75 48 7 55 2 45 81 37 59 35 23 1 55 62 12 36 43 85 65 43 94 96 58 7 47 100 63 71 78 44 46 0 76 56 42 78 92 60 28 94 30 12 96 31 82 8 88 67 46 28 32 50 66 38 1 32 51 75 80 0 52 3 73 60 32 60 22 13 7 28 66 64 12 38 90 
41 9 23 99 62 84 93 20 82 81 58 18 80 3 58 44 88 78 34 54 74 33 27 13 46 96 40 100 16 95 64 98 11 97 87 44 93 55 17 73 97 34 7 70 59 42 10 75 60 16 63 67 16 59 73 17 50 20 45 34 75 48 14 62 97 61 66 26 52 98 24 23 9 44 33 7 78 70 41 11 26 76 36 4 59 37 80 48 72 78 51 48 44 53 83 91 24 45 80 60 
17 7 25 90 86 28 28 65 95 48 94 88 64 55 53 6 72 87 92 10 4 11 92 5 67 34 8 30 12 61 81 76 78 49 82 24 90 14 98 67 23 35 48 62 44 0 98 69 29 29 30 61 75 14 57 46 99 56 69 5 82 1 46 38 58 12 36 58 36 17 75 6 16 86 79 96 37 62 43 3 65 67 54 52 95 70 65 9 29 65 32 92 13 50 69 94 64 12 19 5 
40 30 94 70 48 40 47 53 64 70 45 82 34 74 72 12 40 8 23 48 20 92 58 75 76 94 54 92 73 80 56 59 77 65 57 12 21 92 100 55 14 55 59 18 88 90 23 12 17 51 19 64 71 66 29 92 100 22 79 72 84 67 51 62 10 23 39 2 73 31 82 95 57 55 69 44 87 13 32 29 19 25 56 28 46 56 36 44 62 50 20 55 34 86 57 10 24 42 61 1 
99 35 68 42 19 40 14 5 33 95 25 75 45 46 51 56 80 30 100 28 97 6 25 56 73 28 61 64 89 17 78 40 86 78 76 19 89 31 51 48 38 70 65 73 97 79 21 81 59 51 38 78 31 100 12 55 89 15 43 93 78 26 39 5 46 99 61 13 42 36 91 81 51 70 35 10 77 22 13 48 67 26 44 48 49 54 56 26 93 21 78 17 69 2 72 34 63 97 73 5 
73 26 71 8 46 84 83 27 35 79 83 95 37 58 64 32 40 73 90 25 65 2 57 68 43 17 66 75 41 96 92 44 7 94 44 56 79 70 78 13 27 57 3 83 62 4 75 48 38 49 72 42 81 30 84 38 25 45 77 93 81 1 96 28 32 91 65 3 16 65 38 84 65 40 49 65 24 94 92 17 23 95 77 35 68 44 35 31 59 7 6 97 94 76 93 35 94 74 13 34 
21 24 16 0 94 18 75 22 77 78 79 17 51 99 78 69 51 8 96 88 20 47 99 11 16 52 32 67 82 77 26 91 65 69 59 38 91 28 39 66 97 37 22 32 51 41 20 77 22 60 73 85 46 38 36 20 23 42 64 63 80 83 56 85 59 89 90 20 51 98 70 96 100 52 69 67 26 19 76 80 43 0 9 81 73 76 91 66 57 74 62 98 43 78 23 19 84 1 83 39 
100 0 51 51 54 37 33 55 57 51 59 17 22 4 8 69 88 59 19 91 85 87 94 83 58 39 8 9 98 37 3 34 95 4 95 35 82 39 33 74 52 17 13 86 72 14 98 67 34 21 63 98 69 58 74 99 74 92 4 32 44 7 96 14 98 23 15 94 15 44 68 29 98 87 38 94 94 42 38 43 2 13 75 58 68 81 39 16 40 94 74 20 76 81 96 35 87 75 94 57 
70 33 84 4 52 20 4 56 18 81 42 74 89 6 67 80 37 0 33 45 53 67 95 23 39 6 33 24 27 55 29 46 82 46 62 20 65 42 97 31 42 83 55 46 32 34 66 53 13 48 33 75 71 64 44 34 96 50 29 97 34 20 74 95 16 60 20 35 86 38 99 3 100 22 60 52 33 20 68 55 42 35 98 17 39 88 85 5 85 42 83 52 82 61 11 83 16 96 14 29 
13 81 22 63 93 46 44 38 37 80 69 82 54 17 31 79 20 43 21 5 85 99 87 11 0 29 79 19 53 12 43 77 63 97 95 99 51 69 3 28 96 30 6 86 14 44 77 45 10 73 44 59 86 33 24 46 59 55 72 57 76 82 47 77 36 41 99 60 39 74 54 15 3 84 48 32 44 24 11 84 78 63 42 94 59 1 29 96 37 15 58 7 46 59 97 63 99 48 87 9 
91 29 32 40 74 39 2 80 17 89 16 97 24 51 77 96 0 11 0 34 9 48 30 98 22 55 16 6 46 98 84 12 20 100 69 24 6 46 78 55 17 84 98 68 68 17 22 10 88 12 41 87 5 68 12 44 28 50 49 3 47 20 0 93 56 91 85 70 51 57 54 45 53 80 95 16 61 83 53 53 22 9 48 32 62 52 83 47 13 63 44 41 76 34 46 90 73 64 38 16 
72 58 68 37 71 76 54 86 25 24 28 16 88 20 39 57 15 99 49 37 65 55 31 88 24 64 73 30 4 63 34 69 81 86 25 34 29 80 100 56 19 54 19 88 35 58 39 70 37 79 61 33 69 85 88 80 84 68 46 26 78 43 2 39 77 64 92 85 81 73 93 58 17 34 88 78 42 78 50 58 71 99 11 84 75 67 12 13 53 7 59 23 32 88 20 64 34 36 57 9 
90 14 99 75 37 71 89 36 64 76 24 93 6 41 63 9 88 38 11 44 3 38 6 93 86 92 100 45 4 54 14 29 59 66 4 40 47 63 24 43 98 60 92 92 81 22 93 91 38 54 81 71 66 59 9 52 41 19 59 92 66 55 69 25 0 29 91 69 14 15 22 54 92 7 76 42 90 63 5 51 35 4 85 21 61 63 89 79 22 74 25 81 74 85 10 78 23 15 88 10 
70 21 54 81 93 21 48 65 63 60 50 44 28 23 92 13 56 90 37 19 82 1 89 37 2 65 15 42 4 8 0 39 31 8 75 35 12 16 1 21 59 87 0 66 66 85 17 46 79 83 61 54 37 87 73 98 70 35 89 17 43 58 32 66 33 67 55 48 31 92 23 38 14 23 91 62 0 31 1 87 13 63 35 4 58 85 39 93 98 55 48 59 67 99 15 96 100 20 8 93 
83 1 60 2 79 94 67 16 0 18 21 50 81 14 81 10 11 19 27 43 53 61 81 41 81 63 37 43 60 53 88 59 53 83 13 60 52 3 45 88 56 27 54 32 61 96 59 9 5 14 37 42 22 93 20 94 75 25 15 27 44 26 92 50 10 28 58 3 77 28 100 9 82 7 18 67 91 41 75 15 83 1 94 13 79 40 38 50 48 69 93 38 86 51 89 15 4 70 23 92 
72 67 32 27 90 80 50 53 0 49 59 14 99 99 11 22 88 24 52 44 94 93 31 56 66 42 60 19 9 38 12 93 73 68 32 78 88 90 8 84 20 37 45 5 90 20 43 68 40 29 49 82 76 33 55 86 79 59 14 86 24 4 94 84 92 93 84 67 92 96 1 90 100 54 48 79 17 24 44 17 64 73 29 28 24 84 41 70 55 41 51 95 73 52 28 33 40 72 61 60 
16 25 13 80 18 43 73 50 25 63 38 89 45 19 64 36 64 5 57 29 84 47 47 74 61 20 72 50 65 93 19 24 71 31 52 88 17 4 63 25 79 1 9 78 61 84 26 87 75 89 93 80 58 9 99 77 73 100 23 7 40 49 61 43 32 94 47 41 40 18 5 38 14 61 7 50 1 11 15 6 88 89 99 1 71 12 0 3 7 26 10 30 64 11 70 43 15 93 1 2 
77 27 72 12 63 60 44 17 94 11 87 95 89 90 49 72 8 97 75 56 1 59 4 65 3 13 30 68 91 100 30 2 20 62 79 85 64 13 99 76 93 83 11 37 59 31 68 2 29 27 56 65 13 41 58 96 74 63 98 74 79 92 51 65 67 88 12 64 42 21 67 43 29 15 73 93 32 91 13 27 67 85 37 92 30 72 29 43 94 31 42 20 13 81 63 95 15 32 85 93 
43 95 54 85 94 90 26 22 96 48 22 64 27 43 26 83 60 31 55 97 25 23 91 69 50 35 12 88 68 57 54 39 98 16 72 81 82 5 84 0 48 62 95 20 53 51 0 74 96 2 63 36 37 4 96 97 41 95 68 52 73 70 61 18 58 48 67 58 33 24 26 5 10 19 51 30 56 20 37 60 8 16 61 37 56 17 69 81 95 80 16 2 83 86 90 61 1 54 20 25 
4 27 37 71 45 63 50 18 83 9 55 50 83 94 20 39 100 11 22 14 54 68 57 63 94 50 52 53 33 93 19 13 86 29 85 36 79 17 97 34 39 68 59 66 83 5 17 22 42 23 5 50 88 75 32 65 78 59 75 88 80 79 62 3 82 48 77 66 23 63 90 65 78 35 83 66 13 67 96 45 8 53 17 40 92 72 96 4 24 99 98 67 63 40 63 88 92 96 10 2 
56 21 6 31 10 1 15 46 1 30 73 13 79 65 22 97 40 45 4 62 55 72 60 100 3 42 59 8 11 71 21 27 93 23 15 26 96 0 75 81 30 7 17 92 27 96 58 90 32 75 40 64 21 47 87 50 29 9 37 87 0 23 78 11 16 59 79 43 95 16 22 25 34 45 21 4 84 19 4 49 95 85 89 6 38 8 1 43 10 32 5 25 20 49 57 29 51 55 93 91 
15 80 1 29 13 93 37 86 85 98 40 17 76 94 12 20 20 77 57 15 25 41 35 4 22 47 52 37 73 10 47 24 83 42 15 7 96 24 26 66 10 99 16 28 50 63 28 74 30 19 49 9 61 12 63 46 62 41 15 69 53 77 22 24 96 88 66 69 32 52 70 53 89 81 83 98 86 7 70 73 32 51 56 11 32 14 42 2 51 24 65 42 44 92 23 52 85 75 97 3 
13 33 13 37 19 50 44 75 51 29 36 32 97 34 58 91 92 72 81 99 7 58 81 65 55 1 15 60 71 100 37 35 38 7 66 100 80 2 52 81 18 21 33 30 94 21 64 6 57 81 6 5 96 32 11 58 86 37 42 82 5 30 2 16 47 94 1 90 63 27 97 39 5 96 0 56 42 58 79 77 18 18 21 76 24 46 19 1 7 44 27 19 29 100 7 43 45 57 55 6 
8 74 11 43 36 29 59 49 17 93 84 78 12 62 69 42 5 27 80 92 28 77 0 35 13 3 93 27 79 56 28 17 59 23 59 76 47 69 33 58 88 65 68 58 79 83 80 62 70 28 83 68 12 19 70 47 19 82 0 27 2 65 73 81 61 6 13 36 97 76 70 96 36 62 40 10 4 55 22 41 79 45 77 29 72 34 35 67 40 24 2 71 12 67 44 36 61 47 52 36 
28 5 21 26 93 62 18 28 89 31 71 51 10 37 36 91 34 87 87 97 87 99 66 89 70 17 6 4 99 69 33 34 63 57 21 68 21 90 36 80 58 80 7 60 77 40 35 67 5 22 55 54 56 89 91 26 31 9 88 41 29 90 5 61 94 11 34 60 12 19 99 32 30 49 79 13 18 53 20 45 60 15 58 13 66 100 73 19 52 93 50 83 96 17 12 47 92 18 35 33 
